0.4642857142857143
0.4642857142857143
0.4642857142857143
0.4642857142857143
0.4642857142857143
0.7142857142857143
0.8285714285714286
0.8428571428571429
0.95
0.9928571428571429
1.0
0.9857142857142858
0.9714285714285714
1.0
0.9857142857142858
1.0
0.9428571428571428
1.0
1.0
1.0

PA diff
0.5057471264367817
0.5057471264367817
0.5689655172413793
0.6551724137931034
0.6494252873563219
0.7528735632183908
0.5
0.8563218390804598
0.7931034482758621
0.9597701149425287
1.0
0.6896551724137931
0.9885057471264368
0.9597701149425287
1.0
1.0
1.0
