0.5714285714285714
0.75
0.8357142857142857
0.8714285714285714
0.8642857142857143
0.9071428571428571
0.8714285714285714
0.9357142857142857
0.95
0.9857142857142858
0.9857142857142858
0.9928571428571429
0.9928571428571429
1.0
0.9928571428571429
1.0
1.0
1.0
1.0
1.0

PAdiff
0.4425287356321839
0.4482758620689655
0.45977011494252873
0.6379310344827587
0.7183908045977011
0.7298850574712644
0.8045977011494253
0.867816091954023
0.9712643678160919
0.9827586206896551
0.9885057471264368
1.0
0.9827586206896551
1.0
1.0
1.0
1.0
